{
 "cells": [
  {
   "cell_type": "markdown",
   "id": "e1f2f9ba",
   "metadata": {},
   "source": [
    "# Showing the position of cities in Iran on map with MDS and Isomap"
   ]
  },
  {
   "cell_type": "markdown",
   "id": "4669dc3c",
   "metadata": {},
   "source": [
    "## Import libraries"
   ]
  },
  {
   "cell_type": "code",
   "execution_count": 1,
   "id": "302bf266",
   "metadata": {},
   "outputs": [],
   "source": [
    "import pandas as pd\n",
    "import numpy as np\n",
    "import matplotlib.pyplot as plt\n",
    "import arabic_reshaper\n",
    "from bidi.algorithm import get_display\n",
    "from sklearn import manifold"
   ]
  },
  {
   "cell_type": "markdown",
   "id": "0019f4c1",
   "metadata": {},
   "source": [
    "## Distances between cities"
   ]
  },
  {
   "cell_type": "code",
   "execution_count": 2,
   "id": "28269102",
   "metadata": {},
   "outputs": [
    {
     "data": {
      "text/html": [
       "<div>\n",
       "<style scoped>\n",
       "    .dataframe tbody tr th:only-of-type {\n",
       "        vertical-align: middle;\n",
       "    }\n",
       "\n",
       "    .dataframe tbody tr th {\n",
       "        vertical-align: top;\n",
       "    }\n",
       "\n",
       "    .dataframe thead th {\n",
       "        text-align: right;\n",
       "    }\n",
       "</style>\n",
       "<table border=\"1\" class=\"dataframe\">\n",
       "  <thead>\n",
       "    <tr style=\"text-align: right;\">\n",
       "      <th></th>\n",
       "      <th>اراک</th>\n",
       "      <th>اردبیل</th>\n",
       "      <th>ارومیه</th>\n",
       "      <th>اصفهان</th>\n",
       "      <th>اهواز</th>\n",
       "      <th>ایلام</th>\n",
       "      <th>بجنورد</th>\n",
       "      <th>بندرعباس</th>\n",
       "      <th>بوشهر</th>\n",
       "      <th>بیرجند</th>\n",
       "      <th>...</th>\n",
       "      <th>قزوین</th>\n",
       "      <th>قم</th>\n",
       "      <th>کرج</th>\n",
       "      <th>کرمان</th>\n",
       "      <th>کرمانشاه</th>\n",
       "      <th>گرگان</th>\n",
       "      <th>مشهد</th>\n",
       "      <th>همدان</th>\n",
       "      <th>یاسوج</th>\n",
       "      <th>یزد</th>\n",
       "    </tr>\n",
       "  </thead>\n",
       "  <tbody>\n",
       "    <tr>\n",
       "      <th>اراک</th>\n",
       "      <td>0</td>\n",
       "      <td>843</td>\n",
       "      <td>786</td>\n",
       "      <td>288</td>\n",
       "      <td>581</td>\n",
       "      <td>514</td>\n",
       "      <td>1006</td>\n",
       "      <td>1245</td>\n",
       "      <td>868</td>\n",
       "      <td>1606</td>\n",
       "      <td>...</td>\n",
       "      <td>303</td>\n",
       "      <td>134</td>\n",
       "      <td>281</td>\n",
       "      <td>949</td>\n",
       "      <td>365</td>\n",
       "      <td>690</td>\n",
       "      <td>1187</td>\n",
       "      <td>176</td>\n",
       "      <td>587</td>\n",
       "      <td>588</td>\n",
       "    </tr>\n",
       "    <tr>\n",
       "      <th>اردبیل</th>\n",
       "      <td>843</td>\n",
       "      <td>0</td>\n",
       "      <td>527</td>\n",
       "      <td>1030</td>\n",
       "      <td>1305</td>\n",
       "      <td>975</td>\n",
       "      <td>1080</td>\n",
       "      <td>1925</td>\n",
       "      <td>1610</td>\n",
       "      <td>1814</td>\n",
       "      <td>...</td>\n",
       "      <td>451</td>\n",
       "      <td>723</td>\n",
       "      <td>529</td>\n",
       "      <td>1629</td>\n",
       "      <td>791</td>\n",
       "      <td>764</td>\n",
       "      <td>1333</td>\n",
       "      <td>667</td>\n",
       "      <td>1329</td>\n",
       "      <td>1268</td>\n",
       "    </tr>\n",
       "    <tr>\n",
       "      <th>ارومیه</th>\n",
       "      <td>786</td>\n",
       "      <td>527</td>\n",
       "      <td>0</td>\n",
       "      <td>1074</td>\n",
       "      <td>1064</td>\n",
       "      <td>766</td>\n",
       "      <td>1620</td>\n",
       "      <td>2026</td>\n",
       "      <td>1549</td>\n",
       "      <td>2220</td>\n",
       "      <td>...</td>\n",
       "      <td>763</td>\n",
       "      <td>1039</td>\n",
       "      <td>709</td>\n",
       "      <td>1735</td>\n",
       "      <td>582</td>\n",
       "      <td>1303</td>\n",
       "      <td>1803</td>\n",
       "      <td>610</td>\n",
       "      <td>1373</td>\n",
       "      <td>1374</td>\n",
       "    </tr>\n",
       "    <tr>\n",
       "      <th>اصفهان</th>\n",
       "      <td>288</td>\n",
       "      <td>1030</td>\n",
       "      <td>1074</td>\n",
       "      <td>0</td>\n",
       "      <td>745</td>\n",
       "      <td>678</td>\n",
       "      <td>1152</td>\n",
       "      <td>975</td>\n",
       "      <td>580</td>\n",
       "      <td>1173</td>\n",
       "      <td>...</td>\n",
       "      <td>480</td>\n",
       "      <td>279</td>\n",
       "      <td>435</td>\n",
       "      <td>661</td>\n",
       "      <td>653</td>\n",
       "      <td>836</td>\n",
       "      <td>1222</td>\n",
       "      <td>464</td>\n",
       "      <td>299</td>\n",
       "      <td>300</td>\n",
       "    </tr>\n",
       "    <tr>\n",
       "      <th>اهواز</th>\n",
       "      <td>581</td>\n",
       "      <td>1305</td>\n",
       "      <td>1064</td>\n",
       "      <td>745</td>\n",
       "      <td>0</td>\n",
       "      <td>447</td>\n",
       "      <td>1587</td>\n",
       "      <td>1278</td>\n",
       "      <td>485</td>\n",
       "      <td>1918</td>\n",
       "      <td>...</td>\n",
       "      <td>882</td>\n",
       "      <td>715</td>\n",
       "      <td>787</td>\n",
       "      <td>1230</td>\n",
       "      <td>487</td>\n",
       "      <td>1271</td>\n",
       "      <td>1768</td>\n",
       "      <td>638</td>\n",
       "      <td>433</td>\n",
       "      <td>1081</td>\n",
       "    </tr>\n",
       "    <tr>\n",
       "      <th>ایلام</th>\n",
       "      <td>514</td>\n",
       "      <td>975</td>\n",
       "      <td>766</td>\n",
       "      <td>678</td>\n",
       "      <td>447</td>\n",
       "      <td>0</td>\n",
       "      <td>1423</td>\n",
       "      <td>1729</td>\n",
       "      <td>932</td>\n",
       "      <td>1788</td>\n",
       "      <td>...</td>\n",
       "      <td>617</td>\n",
       "      <td>648</td>\n",
       "      <td>673</td>\n",
       "      <td>1339</td>\n",
       "      <td>184</td>\n",
       "      <td>1107</td>\n",
       "      <td>1604</td>\n",
       "      <td>373</td>\n",
       "      <td>977</td>\n",
       "      <td>978</td>\n",
       "    </tr>\n",
       "    <tr>\n",
       "      <th>بجنورد</th>\n",
       "      <td>1006</td>\n",
       "      <td>1080</td>\n",
       "      <td>1620</td>\n",
       "      <td>1152</td>\n",
       "      <td>1587</td>\n",
       "      <td>1423</td>\n",
       "      <td>0</td>\n",
       "      <td>1627</td>\n",
       "      <td>1941</td>\n",
       "      <td>734</td>\n",
       "      <td>...</td>\n",
       "      <td>863</td>\n",
       "      <td>845</td>\n",
       "      <td>739</td>\n",
       "      <td>1142</td>\n",
       "      <td>1239</td>\n",
       "      <td>316</td>\n",
       "      <td>253</td>\n",
       "      <td>1050</td>\n",
       "      <td>1451</td>\n",
       "      <td>1390</td>\n",
       "    </tr>\n",
       "    <tr>\n",
       "      <th>بندرعباس</th>\n",
       "      <td>1245</td>\n",
       "      <td>1925</td>\n",
       "      <td>2026</td>\n",
       "      <td>975</td>\n",
       "      <td>1278</td>\n",
       "      <td>1729</td>\n",
       "      <td>1627</td>\n",
       "      <td>0</td>\n",
       "      <td>927</td>\n",
       "      <td>1213</td>\n",
       "      <td>...</td>\n",
       "      <td>1455</td>\n",
       "      <td>1142</td>\n",
       "      <td>1298</td>\n",
       "      <td>485</td>\n",
       "      <td>1769</td>\n",
       "      <td>1731</td>\n",
       "      <td>1374</td>\n",
       "      <td>1421</td>\n",
       "      <td>793</td>\n",
       "      <td>657</td>\n",
       "    </tr>\n",
       "    <tr>\n",
       "      <th>بوشهر</th>\n",
       "      <td>868</td>\n",
       "      <td>1610</td>\n",
       "      <td>1549</td>\n",
       "      <td>580</td>\n",
       "      <td>485</td>\n",
       "      <td>932</td>\n",
       "      <td>1941</td>\n",
       "      <td>927</td>\n",
       "      <td>0</td>\n",
       "      <td>1599</td>\n",
       "      <td>...</td>\n",
       "      <td>1060</td>\n",
       "      <td>876</td>\n",
       "      <td>1030</td>\n",
       "      <td>875</td>\n",
       "      <td>972</td>\n",
       "      <td>1625</td>\n",
       "      <td>1648</td>\n",
       "      <td>1044</td>\n",
       "      <td>281</td>\n",
       "      <td>726</td>\n",
       "    </tr>\n",
       "    <tr>\n",
       "      <th>بیرجند</th>\n",
       "      <td>1606</td>\n",
       "      <td>1814</td>\n",
       "      <td>2220</td>\n",
       "      <td>1173</td>\n",
       "      <td>1918</td>\n",
       "      <td>1788</td>\n",
       "      <td>734</td>\n",
       "      <td>1213</td>\n",
       "      <td>1599</td>\n",
       "      <td>0</td>\n",
       "      <td>...</td>\n",
       "      <td>1463</td>\n",
       "      <td>1445</td>\n",
       "      <td>1180</td>\n",
       "      <td>999</td>\n",
       "      <td>1800</td>\n",
       "      <td>1050</td>\n",
       "      <td>481</td>\n",
       "      <td>1637</td>\n",
       "      <td>1405</td>\n",
       "      <td>873</td>\n",
       "    </tr>\n",
       "    <tr>\n",
       "      <th>تبریز</th>\n",
       "      <td>785</td>\n",
       "      <td>219</td>\n",
       "      <td>308</td>\n",
       "      <td>1038</td>\n",
       "      <td>1075</td>\n",
       "      <td>772</td>\n",
       "      <td>1312</td>\n",
       "      <td>1933</td>\n",
       "      <td>1560</td>\n",
       "      <td>1912</td>\n",
       "      <td>...</td>\n",
       "      <td>455</td>\n",
       "      <td>731</td>\n",
       "      <td>568</td>\n",
       "      <td>1637</td>\n",
       "      <td>588</td>\n",
       "      <td>996</td>\n",
       "      <td>1493</td>\n",
       "      <td>609</td>\n",
       "      <td>1337</td>\n",
       "      <td>1276</td>\n",
       "    </tr>\n",
       "    <tr>\n",
       "      <th>تهران</th>\n",
       "      <td>293</td>\n",
       "      <td>591</td>\n",
       "      <td>907</td>\n",
       "      <td>439</td>\n",
       "      <td>874</td>\n",
       "      <td>710</td>\n",
       "      <td>713</td>\n",
       "      <td>1334</td>\n",
       "      <td>1228</td>\n",
       "      <td>1313</td>\n",
       "      <td>...</td>\n",
       "      <td>150</td>\n",
       "      <td>132</td>\n",
       "      <td>47</td>\n",
       "      <td>1038</td>\n",
       "      <td>526</td>\n",
       "      <td>397</td>\n",
       "      <td>894</td>\n",
       "      <td>337</td>\n",
       "      <td>738</td>\n",
       "      <td>677</td>\n",
       "    </tr>\n",
       "    <tr>\n",
       "      <th>خرم آباد</th>\n",
       "      <td>206</td>\n",
       "      <td>930</td>\n",
       "      <td>783</td>\n",
       "      <td>370</td>\n",
       "      <td>375</td>\n",
       "      <td>308</td>\n",
       "      <td>1212</td>\n",
       "      <td>1327</td>\n",
       "      <td>860</td>\n",
       "      <td>1543</td>\n",
       "      <td>...</td>\n",
       "      <td>507</td>\n",
       "      <td>340</td>\n",
       "      <td>457</td>\n",
       "      <td>1031</td>\n",
       "      <td>320</td>\n",
       "      <td>896</td>\n",
       "      <td>1393</td>\n",
       "      <td>263</td>\n",
       "      <td>699</td>\n",
       "      <td>670</td>\n",
       "    </tr>\n",
       "    <tr>\n",
       "      <th>رشت</th>\n",
       "      <td>577</td>\n",
       "      <td>266</td>\n",
       "      <td>793</td>\n",
       "      <td>764</td>\n",
       "      <td>1039</td>\n",
       "      <td>774</td>\n",
       "      <td>814</td>\n",
       "      <td>1659</td>\n",
       "      <td>1524</td>\n",
       "      <td>1548</td>\n",
       "      <td>...</td>\n",
       "      <td>185</td>\n",
       "      <td>457</td>\n",
       "      <td>280</td>\n",
       "      <td>1163</td>\n",
       "      <td>590</td>\n",
       "      <td>498</td>\n",
       "      <td>1067</td>\n",
       "      <td>401</td>\n",
       "      <td>1063</td>\n",
       "      <td>1002</td>\n",
       "    </tr>\n",
       "    <tr>\n",
       "      <th>زاهدان</th>\n",
       "      <td>1478</td>\n",
       "      <td>2158</td>\n",
       "      <td>2264</td>\n",
       "      <td>1190</td>\n",
       "      <td>1759</td>\n",
       "      <td>1868</td>\n",
       "      <td>1204</td>\n",
       "      <td>743</td>\n",
       "      <td>1404</td>\n",
       "      <td>470</td>\n",
       "      <td>...</td>\n",
       "      <td>1717</td>\n",
       "      <td>1375</td>\n",
       "      <td>1497</td>\n",
       "      <td>529</td>\n",
       "      <td>1817</td>\n",
       "      <td>1520</td>\n",
       "      <td>951</td>\n",
       "      <td>1654</td>\n",
       "      <td>1274</td>\n",
       "      <td>890</td>\n",
       "    </tr>\n",
       "    <tr>\n",
       "      <th>زنجان</th>\n",
       "      <td>505</td>\n",
       "      <td>377</td>\n",
       "      <td>588</td>\n",
       "      <td>757</td>\n",
       "      <td>967</td>\n",
       "      <td>598</td>\n",
       "      <td>1032</td>\n",
       "      <td>1653</td>\n",
       "      <td>1338</td>\n",
       "      <td>1623</td>\n",
       "      <td>...</td>\n",
       "      <td>175</td>\n",
       "      <td>451</td>\n",
       "      <td>280</td>\n",
       "      <td>1357</td>\n",
       "      <td>414</td>\n",
       "      <td>716</td>\n",
       "      <td>1213</td>\n",
       "      <td>329</td>\n",
       "      <td>1057</td>\n",
       "      <td>996</td>\n",
       "    </tr>\n",
       "    <tr>\n",
       "      <th>ساری</th>\n",
       "      <td>560</td>\n",
       "      <td>634</td>\n",
       "      <td>1174</td>\n",
       "      <td>706</td>\n",
       "      <td>1141</td>\n",
       "      <td>977</td>\n",
       "      <td>446</td>\n",
       "      <td>1601</td>\n",
       "      <td>495</td>\n",
       "      <td>1180</td>\n",
       "      <td>...</td>\n",
       "      <td>417</td>\n",
       "      <td>399</td>\n",
       "      <td>298</td>\n",
       "      <td>1305</td>\n",
       "      <td>793</td>\n",
       "      <td>130</td>\n",
       "      <td>699</td>\n",
       "      <td>604</td>\n",
       "      <td>1005</td>\n",
       "      <td>944</td>\n",
       "    </tr>\n",
       "    <tr>\n",
       "      <th>سمنان</th>\n",
       "      <td>529</td>\n",
       "      <td>828</td>\n",
       "      <td>1143</td>\n",
       "      <td>675</td>\n",
       "      <td>1110</td>\n",
       "      <td>946</td>\n",
       "      <td>543</td>\n",
       "      <td>1570</td>\n",
       "      <td>464</td>\n",
       "      <td>1139</td>\n",
       "      <td>...</td>\n",
       "      <td>386</td>\n",
       "      <td>338</td>\n",
       "      <td>266</td>\n",
       "      <td>1274</td>\n",
       "      <td>762</td>\n",
       "      <td>377</td>\n",
       "      <td>658</td>\n",
       "      <td>573</td>\n",
       "      <td>974</td>\n",
       "      <td>913</td>\n",
       "    </tr>\n",
       "    <tr>\n",
       "      <th>سنندج</th>\n",
       "      <td>340</td>\n",
       "      <td>655</td>\n",
       "      <td>446</td>\n",
       "      <td>627</td>\n",
       "      <td>623</td>\n",
       "      <td>320</td>\n",
       "      <td>1214</td>\n",
       "      <td>1585</td>\n",
       "      <td>1108</td>\n",
       "      <td>1814</td>\n",
       "      <td>...</td>\n",
       "      <td>453</td>\n",
       "      <td>474</td>\n",
       "      <td>488</td>\n",
       "      <td>1289</td>\n",
       "      <td>136</td>\n",
       "      <td>898</td>\n",
       "      <td>1395</td>\n",
       "      <td>164</td>\n",
       "      <td>927</td>\n",
       "      <td>928</td>\n",
       "    </tr>\n",
       "    <tr>\n",
       "      <th>شهرکرد</th>\n",
       "      <td>392</td>\n",
       "      <td>1134</td>\n",
       "      <td>1178</td>\n",
       "      <td>104</td>\n",
       "      <td>849</td>\n",
       "      <td>719</td>\n",
       "      <td>256</td>\n",
       "      <td>1061</td>\n",
       "      <td>684</td>\n",
       "      <td>1277</td>\n",
       "      <td>...</td>\n",
       "      <td>584</td>\n",
       "      <td>367</td>\n",
       "      <td>534</td>\n",
       "      <td>765</td>\n",
       "      <td>731</td>\n",
       "      <td>940</td>\n",
       "      <td>1326</td>\n",
       "      <td>568</td>\n",
       "      <td>229</td>\n",
       "      <td>404</td>\n",
       "    </tr>\n",
       "    <tr>\n",
       "      <th>شیراز</th>\n",
       "      <td>773</td>\n",
       "      <td>1515</td>\n",
       "      <td>1559</td>\n",
       "      <td>445</td>\n",
       "      <td>659</td>\n",
       "      <td>1100</td>\n",
       "      <td>1637</td>\n",
       "      <td>619</td>\n",
       "      <td>304</td>\n",
       "      <td>1325</td>\n",
       "      <td>...</td>\n",
       "      <td>965</td>\n",
       "      <td>764</td>\n",
       "      <td>933</td>\n",
       "      <td>571</td>\n",
       "      <td>1112</td>\n",
       "      <td>1321</td>\n",
       "      <td>1374</td>\n",
       "      <td>949</td>\n",
       "      <td>174</td>\n",
       "      <td>425</td>\n",
       "    </tr>\n",
       "    <tr>\n",
       "      <th>قزوین</th>\n",
       "      <td>303</td>\n",
       "      <td>451</td>\n",
       "      <td>763</td>\n",
       "      <td>480</td>\n",
       "      <td>882</td>\n",
       "      <td>617</td>\n",
       "      <td>863</td>\n",
       "      <td>1455</td>\n",
       "      <td>1060</td>\n",
       "      <td>1463</td>\n",
       "      <td>...</td>\n",
       "      <td>0</td>\n",
       "      <td>282</td>\n",
       "      <td>103</td>\n",
       "      <td>1172</td>\n",
       "      <td>433</td>\n",
       "      <td>547</td>\n",
       "      <td>1044</td>\n",
       "      <td>244</td>\n",
       "      <td>779</td>\n",
       "      <td>780</td>\n",
       "    </tr>\n",
       "    <tr>\n",
       "      <th>قم</th>\n",
       "      <td>134</td>\n",
       "      <td>723</td>\n",
       "      <td>1039</td>\n",
       "      <td>279</td>\n",
       "      <td>715</td>\n",
       "      <td>648</td>\n",
       "      <td>845</td>\n",
       "      <td>1142</td>\n",
       "      <td>876</td>\n",
       "      <td>1445</td>\n",
       "      <td>...</td>\n",
       "      <td>282</td>\n",
       "      <td>0</td>\n",
       "      <td>167</td>\n",
       "      <td>846</td>\n",
       "      <td>499</td>\n",
       "      <td>529</td>\n",
       "      <td>1026</td>\n",
       "      <td>289</td>\n",
       "      <td>595</td>\n",
       "      <td>485</td>\n",
       "    </tr>\n",
       "    <tr>\n",
       "      <th>کرج</th>\n",
       "      <td>281</td>\n",
       "      <td>529</td>\n",
       "      <td>709</td>\n",
       "      <td>435</td>\n",
       "      <td>787</td>\n",
       "      <td>673</td>\n",
       "      <td>739</td>\n",
       "      <td>1298</td>\n",
       "      <td>1030</td>\n",
       "      <td>1180</td>\n",
       "      <td>...</td>\n",
       "      <td>103</td>\n",
       "      <td>167</td>\n",
       "      <td>0</td>\n",
       "      <td>1004</td>\n",
       "      <td>501</td>\n",
       "      <td>432</td>\n",
       "      <td>949</td>\n",
       "      <td>320</td>\n",
       "      <td>745</td>\n",
       "      <td>645</td>\n",
       "    </tr>\n",
       "    <tr>\n",
       "      <th>کرمان</th>\n",
       "      <td>949</td>\n",
       "      <td>1629</td>\n",
       "      <td>1735</td>\n",
       "      <td>661</td>\n",
       "      <td>1230</td>\n",
       "      <td>1339</td>\n",
       "      <td>1142</td>\n",
       "      <td>485</td>\n",
       "      <td>875</td>\n",
       "      <td>999</td>\n",
       "      <td>...</td>\n",
       "      <td>1172</td>\n",
       "      <td>846</td>\n",
       "      <td>1004</td>\n",
       "      <td>0</td>\n",
       "      <td>1288</td>\n",
       "      <td>1435</td>\n",
       "      <td>889</td>\n",
       "      <td>1125</td>\n",
       "      <td>745</td>\n",
       "      <td>361</td>\n",
       "    </tr>\n",
       "    <tr>\n",
       "      <th>کرمانشاه</th>\n",
       "      <td>365</td>\n",
       "      <td>791</td>\n",
       "      <td>582</td>\n",
       "      <td>653</td>\n",
       "      <td>487</td>\n",
       "      <td>184</td>\n",
       "      <td>1239</td>\n",
       "      <td>1769</td>\n",
       "      <td>972</td>\n",
       "      <td>1800</td>\n",
       "      <td>...</td>\n",
       "      <td>433</td>\n",
       "      <td>499</td>\n",
       "      <td>501</td>\n",
       "      <td>1288</td>\n",
       "      <td>0</td>\n",
       "      <td>923</td>\n",
       "      <td>1420</td>\n",
       "      <td>189</td>\n",
       "      <td>952</td>\n",
       "      <td>953</td>\n",
       "    </tr>\n",
       "    <tr>\n",
       "      <th>گرگان</th>\n",
       "      <td>690</td>\n",
       "      <td>764</td>\n",
       "      <td>1303</td>\n",
       "      <td>836</td>\n",
       "      <td>1271</td>\n",
       "      <td>1107</td>\n",
       "      <td>316</td>\n",
       "      <td>1731</td>\n",
       "      <td>1625</td>\n",
       "      <td>1050</td>\n",
       "      <td>...</td>\n",
       "      <td>547</td>\n",
       "      <td>529</td>\n",
       "      <td>432</td>\n",
       "      <td>1435</td>\n",
       "      <td>923</td>\n",
       "      <td>0</td>\n",
       "      <td>569</td>\n",
       "      <td>734</td>\n",
       "      <td>1135</td>\n",
       "      <td>1074</td>\n",
       "    </tr>\n",
       "    <tr>\n",
       "      <th>مشهد</th>\n",
       "      <td>1187</td>\n",
       "      <td>1333</td>\n",
       "      <td>1803</td>\n",
       "      <td>1222</td>\n",
       "      <td>1768</td>\n",
       "      <td>1604</td>\n",
       "      <td>253</td>\n",
       "      <td>1374</td>\n",
       "      <td>1648</td>\n",
       "      <td>481</td>\n",
       "      <td>...</td>\n",
       "      <td>1044</td>\n",
       "      <td>1026</td>\n",
       "      <td>949</td>\n",
       "      <td>889</td>\n",
       "      <td>1420</td>\n",
       "      <td>569</td>\n",
       "      <td>0</td>\n",
       "      <td>1231</td>\n",
       "      <td>1454</td>\n",
       "      <td>922</td>\n",
       "    </tr>\n",
       "    <tr>\n",
       "      <th>همدان</th>\n",
       "      <td>176</td>\n",
       "      <td>667</td>\n",
       "      <td>610</td>\n",
       "      <td>464</td>\n",
       "      <td>638</td>\n",
       "      <td>373</td>\n",
       "      <td>1050</td>\n",
       "      <td>1421</td>\n",
       "      <td>1044</td>\n",
       "      <td>1637</td>\n",
       "      <td>...</td>\n",
       "      <td>244</td>\n",
       "      <td>289</td>\n",
       "      <td>320</td>\n",
       "      <td>1125</td>\n",
       "      <td>189</td>\n",
       "      <td>734</td>\n",
       "      <td>1231</td>\n",
       "      <td>0</td>\n",
       "      <td>763</td>\n",
       "      <td>734</td>\n",
       "    </tr>\n",
       "    <tr>\n",
       "      <th>یاسوج</th>\n",
       "      <td>587</td>\n",
       "      <td>1329</td>\n",
       "      <td>1373</td>\n",
       "      <td>299</td>\n",
       "      <td>433</td>\n",
       "      <td>977</td>\n",
       "      <td>1451</td>\n",
       "      <td>793</td>\n",
       "      <td>281</td>\n",
       "      <td>1405</td>\n",
       "      <td>...</td>\n",
       "      <td>779</td>\n",
       "      <td>595</td>\n",
       "      <td>745</td>\n",
       "      <td>745</td>\n",
       "      <td>952</td>\n",
       "      <td>1135</td>\n",
       "      <td>1454</td>\n",
       "      <td>763</td>\n",
       "      <td>0</td>\n",
       "      <td>532</td>\n",
       "    </tr>\n",
       "    <tr>\n",
       "      <th>یزد</th>\n",
       "      <td>588</td>\n",
       "      <td>1268</td>\n",
       "      <td>1374</td>\n",
       "      <td>300</td>\n",
       "      <td>1081</td>\n",
       "      <td>978</td>\n",
       "      <td>1390</td>\n",
       "      <td>657</td>\n",
       "      <td>726</td>\n",
       "      <td>873</td>\n",
       "      <td>...</td>\n",
       "      <td>780</td>\n",
       "      <td>485</td>\n",
       "      <td>645</td>\n",
       "      <td>361</td>\n",
       "      <td>953</td>\n",
       "      <td>1074</td>\n",
       "      <td>922</td>\n",
       "      <td>734</td>\n",
       "      <td>532</td>\n",
       "      <td>0</td>\n",
       "    </tr>\n",
       "  </tbody>\n",
       "</table>\n",
       "<p>31 rows × 31 columns</p>\n",
       "</div>"
      ],
      "text/plain": [
       "          اراک  اردبیل  ارومیه  اصفهان  اهواز  ایلام  بجنورد  بندرعباس  بوشهر  \\\n",
       "اراک         0     843     786     288    581    514    1006      1245    868   \n",
       "اردبیل     843       0     527    1030   1305    975    1080      1925   1610   \n",
       "ارومیه     786     527       0    1074   1064    766    1620      2026   1549   \n",
       "اصفهان     288    1030    1074       0    745    678    1152       975    580   \n",
       "اهواز      581    1305    1064     745      0    447    1587      1278    485   \n",
       "ایلام      514     975     766     678    447      0    1423      1729    932   \n",
       "بجنورد    1006    1080    1620    1152   1587   1423       0      1627   1941   \n",
       "بندرعباس  1245    1925    2026     975   1278   1729    1627         0    927   \n",
       "بوشهر      868    1610    1549     580    485    932    1941       927      0   \n",
       "بیرجند    1606    1814    2220    1173   1918   1788     734      1213   1599   \n",
       "تبریز      785     219     308    1038   1075    772    1312      1933   1560   \n",
       "تهران      293     591     907     439    874    710     713      1334   1228   \n",
       "خرم آباد   206     930     783     370    375    308    1212      1327    860   \n",
       "رشت        577     266     793     764   1039    774     814      1659   1524   \n",
       "زاهدان    1478    2158    2264    1190   1759   1868    1204       743   1404   \n",
       "زنجان      505     377     588     757    967    598    1032      1653   1338   \n",
       "ساری       560     634    1174     706   1141    977     446      1601    495   \n",
       "سمنان      529     828    1143     675   1110    946     543      1570    464   \n",
       "سنندج      340     655     446     627    623    320    1214      1585   1108   \n",
       "شهرکرد     392    1134    1178     104    849    719     256      1061    684   \n",
       "شیراز      773    1515    1559     445    659   1100    1637       619    304   \n",
       "قزوین      303     451     763     480    882    617     863      1455   1060   \n",
       "قم         134     723    1039     279    715    648     845      1142    876   \n",
       "کرج        281     529     709     435    787    673     739      1298   1030   \n",
       "کرمان      949    1629    1735     661   1230   1339    1142       485    875   \n",
       "کرمانشاه   365     791     582     653    487    184    1239      1769    972   \n",
       "گرگان      690     764    1303     836   1271   1107     316      1731   1625   \n",
       "مشهد      1187    1333    1803    1222   1768   1604     253      1374   1648   \n",
       "همدان      176     667     610     464    638    373    1050      1421   1044   \n",
       "یاسوج      587    1329    1373     299    433    977    1451       793    281   \n",
       "یزد        588    1268    1374     300   1081    978    1390       657    726   \n",
       "\n",
       "          بیرجند  ...  قزوین    قم   کرج  کرمان  کرمانشاه  گرگان  مشهد  همدان  \\\n",
       "اراک        1606  ...    303   134   281    949       365    690  1187    176   \n",
       "اردبیل      1814  ...    451   723   529   1629       791    764  1333    667   \n",
       "ارومیه      2220  ...    763  1039   709   1735       582   1303  1803    610   \n",
       "اصفهان      1173  ...    480   279   435    661       653    836  1222    464   \n",
       "اهواز       1918  ...    882   715   787   1230       487   1271  1768    638   \n",
       "ایلام       1788  ...    617   648   673   1339       184   1107  1604    373   \n",
       "بجنورد       734  ...    863   845   739   1142      1239    316   253   1050   \n",
       "بندرعباس    1213  ...   1455  1142  1298    485      1769   1731  1374   1421   \n",
       "بوشهر       1599  ...   1060   876  1030    875       972   1625  1648   1044   \n",
       "بیرجند         0  ...   1463  1445  1180    999      1800   1050   481   1637   \n",
       "تبریز       1912  ...    455   731   568   1637       588    996  1493    609   \n",
       "تهران       1313  ...    150   132    47   1038       526    397   894    337   \n",
       "خرم آباد    1543  ...    507   340   457   1031       320    896  1393    263   \n",
       "رشت         1548  ...    185   457   280   1163       590    498  1067    401   \n",
       "زاهدان       470  ...   1717  1375  1497    529      1817   1520   951   1654   \n",
       "زنجان       1623  ...    175   451   280   1357       414    716  1213    329   \n",
       "ساری        1180  ...    417   399   298   1305       793    130   699    604   \n",
       "سمنان       1139  ...    386   338   266   1274       762    377   658    573   \n",
       "سنندج       1814  ...    453   474   488   1289       136    898  1395    164   \n",
       "شهرکرد      1277  ...    584   367   534    765       731    940  1326    568   \n",
       "شیراز       1325  ...    965   764   933    571      1112   1321  1374    949   \n",
       "قزوین       1463  ...      0   282   103   1172       433    547  1044    244   \n",
       "قم          1445  ...    282     0   167    846       499    529  1026    289   \n",
       "کرج         1180  ...    103   167     0   1004       501    432   949    320   \n",
       "کرمان        999  ...   1172   846  1004      0      1288   1435   889   1125   \n",
       "کرمانشاه    1800  ...    433   499   501   1288         0    923  1420    189   \n",
       "گرگان       1050  ...    547   529   432   1435       923      0   569    734   \n",
       "مشهد         481  ...   1044  1026   949    889      1420    569     0   1231   \n",
       "همدان       1637  ...    244   289   320   1125       189    734  1231      0   \n",
       "یاسوج       1405  ...    779   595   745    745       952   1135  1454    763   \n",
       "یزد          873  ...    780   485   645    361       953   1074   922    734   \n",
       "\n",
       "          یاسوج   یزد  \n",
       "اراک        587   588  \n",
       "اردبیل     1329  1268  \n",
       "ارومیه     1373  1374  \n",
       "اصفهان      299   300  \n",
       "اهواز       433  1081  \n",
       "ایلام       977   978  \n",
       "بجنورد     1451  1390  \n",
       "بندرعباس    793   657  \n",
       "بوشهر       281   726  \n",
       "بیرجند     1405   873  \n",
       "تبریز      1337  1276  \n",
       "تهران       738   677  \n",
       "خرم آباد    699   670  \n",
       "رشت        1063  1002  \n",
       "زاهدان     1274   890  \n",
       "زنجان      1057   996  \n",
       "ساری       1005   944  \n",
       "سمنان       974   913  \n",
       "سنندج       927   928  \n",
       "شهرکرد      229   404  \n",
       "شیراز       174   425  \n",
       "قزوین       779   780  \n",
       "قم          595   485  \n",
       "کرج         745   645  \n",
       "کرمان       745   361  \n",
       "کرمانشاه    952   953  \n",
       "گرگان      1135  1074  \n",
       "مشهد       1454   922  \n",
       "همدان       763   734  \n",
       "یاسوج         0   532  \n",
       "یزد         532     0  \n",
       "\n",
       "[31 rows x 31 columns]"
      ]
     },
     "execution_count": 2,
     "metadata": {},
     "output_type": "execute_result"
    }
   ],
   "source": [
    "distances = pd.read_excel('distances.xlsx',index_col=0)\n",
    "distances"
   ]
  },
  {
   "cell_type": "markdown",
   "id": "b08e3cb5",
   "metadata": {},
   "source": [
    "## Convert Dataframe to matrix"
   ]
  },
  {
   "cell_type": "code",
   "execution_count": 3,
   "id": "c3c3aa9e",
   "metadata": {},
   "outputs": [
    {
     "data": {
      "text/plain": [
       "array([[   0,  843,  786,  288,  581,  514, 1006, 1245,  868, 1606,  785,\n",
       "         293,  206,  577, 1478,  505,  560,  529,  340,  392,  773,  303,\n",
       "         134,  281,  949,  365,  690, 1187,  176,  587,  588],\n",
       "       [ 843,    0,  527, 1030, 1305,  975, 1080, 1925, 1610, 1814,  219,\n",
       "         591,  930,  266, 2158,  377,  634,  828,  655, 1134, 1515,  451,\n",
       "         723,  529, 1629,  791,  764, 1333,  667, 1329, 1268],\n",
       "       [ 786,  527,    0, 1074, 1064,  766, 1620, 2026, 1549, 2220,  308,\n",
       "         907,  783,  793, 2264,  588, 1174, 1143,  446, 1178, 1559,  763,\n",
       "        1039,  709, 1735,  582, 1303, 1803,  610, 1373, 1374],\n",
       "       [ 288, 1030, 1074,    0,  745,  678, 1152,  975,  580, 1173, 1038,\n",
       "         439,  370,  764, 1190,  757,  706,  675,  627,  104,  445,  480,\n",
       "         279,  435,  661,  653,  836, 1222,  464,  299,  300],\n",
       "       [ 581, 1305, 1064,  745,    0,  447, 1587, 1278,  485, 1918, 1075,\n",
       "         874,  375, 1039, 1759,  967, 1141, 1110,  623,  849,  659,  882,\n",
       "         715,  787, 1230,  487, 1271, 1768,  638,  433, 1081],\n",
       "       [ 514,  975,  766,  678,  447,    0, 1423, 1729,  932, 1788,  772,\n",
       "         710,  308,  774, 1868,  598,  977,  946,  320,  719, 1100,  617,\n",
       "         648,  673, 1339,  184, 1107, 1604,  373,  977,  978],\n",
       "       [1006, 1080, 1620, 1152, 1587, 1423,    0, 1627, 1941,  734, 1312,\n",
       "         713, 1212,  814, 1204, 1032,  446,  543, 1214,  256, 1637,  863,\n",
       "         845,  739, 1142, 1239,  316,  253, 1050, 1451, 1390],\n",
       "       [1245, 1925, 2026,  975, 1278, 1729, 1627,    0,  927, 1213, 1933,\n",
       "        1334, 1327, 1659,  743, 1653, 1601, 1570, 1585, 1061,  619, 1455,\n",
       "        1142, 1298,  485, 1769, 1731, 1374, 1421,  793,  657],\n",
       "       [ 868, 1610, 1549,  580,  485,  932, 1941,  927,    0, 1599, 1560,\n",
       "        1228,  860, 1524, 1404, 1338,  495,  464, 1108,  684,  304, 1060,\n",
       "         876, 1030,  875,  972, 1625, 1648, 1044,  281,  726],\n",
       "       [1606, 1814, 2220, 1173, 1918, 1788,  734, 1213, 1599,    0, 1912,\n",
       "        1313, 1543, 1548,  470, 1623, 1180, 1139, 1814, 1277, 1325, 1463,\n",
       "        1445, 1180,  999, 1800, 1050,  481, 1637, 1405,  873],\n",
       "       [ 785,  219,  308, 1038, 1075,  772, 1312, 1933, 1560, 1912,    0,\n",
       "         599,  879,  485, 2166,  280,  866,  835,  452, 1142, 1523,  455,\n",
       "         731,  568, 1637,  588,  996, 1493,  609, 1337, 1276],\n",
       "       [ 293,  591,  907,  439,  874,  710,  713, 1334, 1228, 1313,  599,\n",
       "           0,  499,  325, 1567,  319,  267,  236,  501,  543,  924,  150,\n",
       "         132,   47, 1038,  526,  397,  894,  337,  738,  677],\n",
       "       [ 206,  930,  783,  370,  375,  308, 1212, 1327,  860, 1543,  879,\n",
       "         499,    0,  664, 1560,  592,  766,  735,  427,  474,  855,  507,\n",
       "         340,  457, 1031,  320,  896, 1393,  263,  699,  670],\n",
       "       [ 577,  266,  793,  764, 1039,  774,  814, 1659, 1524, 1548,  485,\n",
       "         325,  664,    0, 1892,  348,  368,  561,  565,  868, 1249,  185,\n",
       "         457,  280, 1163,  590,  498, 1067,  401, 1063, 1002],\n",
       "       [1478, 2158, 2264, 1190, 1759, 1868, 1204,  743, 1404,  470, 2166,\n",
       "        1567, 1560, 1892,    0, 1886, 1650, 1609, 1818, 1294, 1100, 1717,\n",
       "        1375, 1497,  529, 1817, 1520,  951, 1654, 1274,  890],\n",
       "       [ 505,  377,  588,  757,  967,  598, 1032, 1653, 1338, 1623,  280,\n",
       "         319,  592,  348, 1886,    0,  586,  555,  278,  862, 1243,  175,\n",
       "         451,  280, 1357,  414,  716, 1213,  329, 1057,  996],\n",
       "       [ 560,  634, 1174,  706, 1141,  977,  446, 1601,  495, 1180,  866,\n",
       "         267,  766,  368, 1650,  586,    0,  205,  768,  810, 1191,  417,\n",
       "         399,  298, 1305,  793,  130,  699,  604, 1005,  944],\n",
       "       [ 529,  828, 1143,  675, 1110,  946,  543, 1570,  464, 1139,  835,\n",
       "         236,  735,  561, 1609,  555,  205,    0,  737,  779, 1160,  386,\n",
       "         338,  266, 1274,  762,  377,  658,  573,  974,  913],\n",
       "       [ 340,  655,  446,  627,  623,  320, 1214, 1585, 1108, 1814,  452,\n",
       "         501,  427,  565, 1818,  278,  768,  737,    0,  732, 1113,  453,\n",
       "         474,  488, 1289,  136,  898, 1395,  164,  927,  928],\n",
       "       [ 392, 1134, 1178,  104,  849,  719,  256, 1061,  684, 1277, 1142,\n",
       "         543,  474,  868, 1294,  862,  810,  779,  732,    0,  589,  584,\n",
       "         367,  534,  765,  731,  940, 1326,  568,  229,  404],\n",
       "       [ 773, 1515, 1559,  445,  659, 1100, 1637,  619,  304, 1325, 1523,\n",
       "         924,  855, 1249, 1100, 1243, 1191, 1160, 1113,  589,    0,  965,\n",
       "         764,  933,  571, 1112, 1321, 1374,  949,  174,  425],\n",
       "       [ 303,  451,  763,  480,  882,  617,  863, 1455, 1060, 1463,  455,\n",
       "         150,  507,  185, 1717,  175,  417,  386,  453,  584,  965,    0,\n",
       "         282,  103, 1172,  433,  547, 1044,  244,  779,  780],\n",
       "       [ 134,  723, 1039,  279,  715,  648,  845, 1142,  876, 1445,  731,\n",
       "         132,  340,  457, 1375,  451,  399,  338,  474,  367,  764,  282,\n",
       "           0,  167,  846,  499,  529, 1026,  289,  595,  485],\n",
       "       [ 281,  529,  709,  435,  787,  673,  739, 1298, 1030, 1180,  568,\n",
       "          47,  457,  280, 1497,  280,  298,  266,  488,  534,  933,  103,\n",
       "         167,    0, 1004,  501,  432,  949,  320,  745,  645],\n",
       "       [ 949, 1629, 1735,  661, 1230, 1339, 1142,  485,  875,  999, 1637,\n",
       "        1038, 1031, 1163,  529, 1357, 1305, 1274, 1289,  765,  571, 1172,\n",
       "         846, 1004,    0, 1288, 1435,  889, 1125,  745,  361],\n",
       "       [ 365,  791,  582,  653,  487,  184, 1239, 1769,  972, 1800,  588,\n",
       "         526,  320,  590, 1817,  414,  793,  762,  136,  731, 1112,  433,\n",
       "         499,  501, 1288,    0,  923, 1420,  189,  952,  953],\n",
       "       [ 690,  764, 1303,  836, 1271, 1107,  316, 1731, 1625, 1050,  996,\n",
       "         397,  896,  498, 1520,  716,  130,  377,  898,  940, 1321,  547,\n",
       "         529,  432, 1435,  923,    0,  569,  734, 1135, 1074],\n",
       "       [1187, 1333, 1803, 1222, 1768, 1604,  253, 1374, 1648,  481, 1493,\n",
       "         894, 1393, 1067,  951, 1213,  699,  658, 1395, 1326, 1374, 1044,\n",
       "        1026,  949,  889, 1420,  569,    0, 1231, 1454,  922],\n",
       "       [ 176,  667,  610,  464,  638,  373, 1050, 1421, 1044, 1637,  609,\n",
       "         337,  263,  401, 1654,  329,  604,  573,  164,  568,  949,  244,\n",
       "         289,  320, 1125,  189,  734, 1231,    0,  763,  734],\n",
